0.17894739239075716
-0.0401223510227311
-0.12687824089951344
-0.21383480648434164
-0.4334925792566909
-0.2552672985633172
-0.21538144221487363
-0.19498024006917827
-0.18081413353024764
-0.16941699766210094
-0.16027676389523549
-0.1530870415088322
-0.14734151384087016
-0.14260134213411046
-0.13854345767245438
-0.1349534589830429
-0.13166753015357852
-0.12856318971982483
-0.12553983849679512
-0.12249139895165162
-0.11929706525773204
-0.11579876909685986
-0.11179236206147793
-0.10709181289232268
-0.10165658459169251
-0.09575185118428563
-0.08956438989352564
-0.08254838330321831
-0.07359744146613964
-0.06088933478092856
-0.040527618443765914
0.
0.04048803444208293
0.21926926662528984
0.00016175318870481224
-0.08705216542328163
-0.17465691309850329
-0.39502656255439245
-0.21729959063743687
-0.17742551201402423
-0.15594203235405354
-0.1404946809226868
-0.1286595337716659
-0.11958229849187274
-0.11249068653868018
-0.10678053013903716
-0.10201775805982904
-0.0979183724285731
-0.0942697284235094
-0.09091989925517732
-0.08775138575259388
-0.08465142552473866
-0.08149987001242434
-0.07814728173293461
-0.07440271761017173
-0.07008928673360905
-0.06516786802552187
-0.05990939861544457
-0.05457885939470065
-0.04884907990320972
-0.04201141833120569
-0.033070701203839814
-0.020342245317862283
0.
0.020368582407088297
0.060841337409596866
0.2392759680535736
0.019756881091009783
-0.06813461890827184
-0.1566200064165449
-0.3780822068120532
-0.20090372207036752
-0.1600995946548479
-0.13711972215700924
-0.1210594440440417
-0.10922011580642738
-0.10020935167778623
-0.09312501747753633
-0.08735672970586977
-0.08251504292500966
-0.07831493617202731
-0.0745596732134226
-0.07110379797231148
-0.06781875910100021
-0.06457644903989031
-0.06122678107161144
-0.05758121187827847
-0.05346161369213027
-0.048823155145569244
-0.043938173650743366
-0.039121137330053214
-0.03417205348814082
-0.028588788522512745
-0.021746549088546775
-0.012763234473191177
0.
0.01288169030508166
0.0333041251180717
0.07367757139979948
0.2519531677619897
0.03173625672024515
-0.05706922147267095
-0.14698303176157773
-0.369382856295765
-0.19201888968293476
-0.14994712870871135
-0.12639600626998823
-0.11038634979771542
-0.09867347984319229
-0.08971050129751258
-0.08257938815442059
-0.07672586537823883
-0.07175925898253296
-0.06741838825334542
-0.06351681083173476
-0.059900237064081825
-0.05642372885373447
-0.05292738397707605
-0.049214563112228396
-0.04509611415056053
-0.040516554635317635
-0.03575332596395938
-0.031162906924030696
-0.026624040463260997
-0.021746320060266066
-0.01608818413634811
-0.009119414482061106
0.
0.009422545125049732
0.02259679529185034
0.04324543819573501
0.08371109617007712
0.26210099085149297
0.0413116760363
-0.04871953755084102
-0.14004405023310287
-0.3632237037893558
-0.18527448569835228
-0.14292515723110372
-0.11964602168636633
-0.10399557904696312
-0.0925339338801894
-0.08367233096413262
-0.07656113341850274
-0.07064662591004581
-0.06557510644628797
-0.06110326849543952
-0.057040683027265796
-0.05321732505554445
-0.04945561398610024
-0.04554226242248057
-0.04126951934336362
-0.03656821355660856
-0.031726243399112446
-0.027141319114196705
-0.022742101306538077
-0.01819631113881383
-0.013154378592558193
-0.007253806585989498
0.
0.007684425096576727
0.01759518552979108
0.031299093968057454
0.05249699670165989
0.0935347259977931
0.27212706716149676
0.050799378227593166
-0.04038091053438054
-0.13305143573685926
-0.35644183507747373
-0.1782781250605761
-0.13618870676935696
-0.1135092296068069
-0.09844623302544304
-0.08740009755108442
-0.07882982340953983
-0.07187458822537295
-0.06602914931860959
-0.060965848440453
-0.05644439345046415
-0.05226172429852518
-0.04821744381604846
-0.044077873982238655
-0.03961438692252919
-0.03474319455541408
-0.029761612263884234
-0.025101166862649255
-0.020721956673818466
-0.016321491572852384
-0.01159640504852591
-0.0062668866110154155
0.
0.006650392004710552
0.014815415196450028
0.025318617087580108
0.039743327732635676
0.0617550703243486
0.103455472062221
0.2823413798555914
0.060330353224225114
-0.03245054935591414
-0.12562203122594826
-0.34797190545987483
-0.16942934831300008
-0.12781377277572972
-0.10591140635819317
-0.0915417040661737
-0.08108469056926924
-0.0729451240632541
-0.06630739055997428
-0.06069119410880953
-0.05577586052211338
-0.05131063128379663
-0.047066305659126784
-0.04278793050725556
-0.038227564504816194
-0.033286205096750496
-0.02826025581145465
-0.0235975094505608
-0.01927820563779732
-0.015020024691394587
-0.010547153405486858
-0.005624305386382286
0.
0.005834463043117671
0.01279432645492632
0.02139821948942065
0.032510763817714755
0.04772766160346364
0.07063753997707774
0.11308182575336066
0.2915072703157643
0.06812569015020016
-0.025170256257898642
-0.11667787578386463
-0.33782617207884647
-0.1592047719459688
-0.11818047270419269
-0.09696538983537208
-0.0832806070183021
-0.07339016848658454
-0.06572512349444416
-0.059477907168059035
-0.05417213109330319
-0.04947301878027427
-0.04510618170572238
-0.04078923997039606
-0.036253119786462534
-0.03137970749506584
-0.02645026862569743
-0.021910116680902484
-0.01775380887785451
-0.013719062741330364
-0.0095524848319303
-0.005047704935236402
0.
0.005036219592661252
0.010926585880606784
0.018037608966059614
0.026930721578890836
0.03850883928203873
0.05437793169598016
0.07792785194312124
0.12027613141863332
0.29773696402443145
0.07392013782603256
-0.01743537147669435
-0.10705433067753563
-0.32761907107013316
-0.148981876863829
-0.1083785520536928
-0.08770298828251691
-0.07452560133454714
-0.06511372418634419
-0.05787572572692015
-0.05200208188071039
-0.04699243383633328
-0.04248855195940747
-0.038161033358212616
-0.03370814538717433
-0.028982743304695982
-0.024237964623624538
-0.01990458935763493
-0.015989606480455294
-0.012252769912774688
-0.008462428619534388
-0.0044353893456880325
0.
0.004281715877363816
0.009192528198003366
0.015002364609061009
0.022106040702224817
0.031097371405354225
0.042906678981653026
0.05899706928853388
0.08234266811342361
0.12383792322351717
0.30090228103368366
0.0787076941562889
-0.010667548332870399
-0.09906409146634433
-0.3190224498921244
-0.1405556390698945
-0.10010667530589026
-0.07968079275009521
-0.06682022316612586
-0.057720100574375495
-0.050786040086549966
-0.04516815305407835
-0.04034052794513877
-0.035881748327768984
-0.031428792702352396
-0.026786524646686783
-0.022172461901231854
-0.018003958197984136
-0.014300410878674048
-0.010840769198306639
-0.007411099567588233
-0.0038462127330087218
0.
0.003696342032018547
0.007837926958926296
0.012627575270794751
0.018352060402911752
0.025429648254799646
0.03447970267076314
0.04633028960896668
0.06216867851847946
0.0846824745217708
0.12535773018025484
0.3027604910026677
0.08188116446697194
-0.006260706055227665
-0.09390560304592856
-0.3135304375677989
-0.1347416078985559
-0.0942755972183111
-0.0739703100310132
-0.06123669394368902
-0.052298974814918346
-0.04550261164606026
-0.03997219963089348
-0.03510471254172799
-0.030422408136887777
-0.025650855704335725
-0.020968134843560693
-0.016790608819706045
-0.01314983531424007
-0.009834044295219706
-0.0066367983753915704
-0.0034019900365713546
0.
0.003308650422073558
0.006917954043887075
0.010985112124019421
0.01572430163808837
0.021442232947862926
0.02858188010718677
0.037690185005437186
0.049384786057565036
0.06452712121572658
0.08594076346700388
0.12603484274916804
0.30393035111810934
0.08387846361074527
-0.0034983635060159943
-0.09058792961635977
-0.30983958286005064
-0.13096352055963942
-0.09050209439068113
-0.07016181510491219
-0.057483308132250145
-0.04858864784060466
-0.04180109568892957
-0.03614984903807972
-0.03094689790608608
-0.025786536342129577
-0.020795646854441477
-0.01640111264438485
-0.012645177081248725
-0.009313183457092792
-0.006194047211578603
-0.0031305707942596976
0.
0.003081245616972233
0.0063479043473803854
0.009927475061685075
0.013985542100538682
0.018755229304263887
0.02456886246255118
0.031821890567443986
0.04089976296119805
0.052104182441181264
0.06620350384398514
0.08669053927991958
0.12671436642058231
0.3051976521767673
0.08558680256023425
-0.0013243518831638319
-0.0881276177498024
-0.30720666568930033
-0.12831711495060472
-0.08775327945860124
-0.06746436650953347
-0.05480803593729818
-0.045905812010489454
-0.03896775886062473
-0.032903484380025896
-0.027081254119314852
-0.021544160722336884
-0.01673225416549684
-0.012694977506190107
-0.009202613564642246
-0.0060275190104840635
-0.0030015607287568694
0.
0.002977250784798178
0.00604306295718412
0.00930710480796403
0.012903148336188514
0.017015403199083803
0.0219036938410439
0.02787244907207776
0.03519526138035564
0.04397423063298525
0.054320777547877355
0.0674764648702966
0.08765061059010411
0.12784238331047004
0.306523004273876
0.08741175788521195
0.0006468797054389738
-0.086061534200369
-0.30503015205411843
-0.12606722275025298
-0.08562201302335612
-0.06539401146979042
-0.05276532862053324
-0.04373024826716797
-0.03633193538810319
-0.029515678897022054
-0.023165248915852265
-0.01772115144630587
-0.013232454716515537
-0.009440622019034334
-0.006088554786026609
-0.002986803860328271
0.
0.002975172153421361
0.005950571854010172
0.009027294975995524
0.012319365601155007
0.015978791329080613
0.020216944161245295
0.0252802267095538
0.031381942923840805
0.038547853797773715
0.046651193271876674
0.056130736666917994
0.06886942559115386
0.0890506801245464
0.1294867317673957
0.30842448029102787
0.08929554010260146
0.0026217525491089738
-0.08399224886806927
-0.3031926868455085
-0.12422239961696718
-0.08388991584718247
-0.06375552753860345
-0.05105909921843506
-0.041545695787296645
-0.033259023096273384
-0.02574690589337537
-0.019404300570535205
-0.014262438002480607
-0.010015254573692118
-0.006360016967186222
-0.0030734604800636677
0.
0.0030741968337786416
0.006060158993877953
0.009058587281821044
0.012173261524843784
0.015536256865169842
0.01932710589771237
0.02375487110583048
0.028998889839000775
0.035056707256406756
0.04171253585678803
0.04906370115298629
0.058107365763999684
0.07075761365821327
0.09103317107612836
0.13150633423662395
0.3104636404918002
0.09142086489848222
0.004764278347333255
-0.08201160548294473
-0.3012551348633485
-0.1226834634391626
-0.08255395677131554
-0.06247529746065314
-0.04931687520445054
-0.03876501496515017
-0.02957308305533101
-0.021957612281812245
-0.01588883406223468
-0.010982755671943822
-0.006867681737061959
-0.003269440778865384
0.
0.00328751343277471
0.006389323549615072
0.009413855547562232
0.012462821575646339
0.015657978328621147
0.01915918196070008
0.02315234267969921
0.027798351704444797
0.03308727918312246
0.03877204588754785
0.044786835459156654
0.05171550141075501
0.060620446681336294
0.07328468558356473
0.09355982103140748
0.13409037412978975
0.3130190764333384
0.09395220831414323
0.007048152635116051
-0.08001395420785505
-0.2996482755966309
-0.12146610030831402
-0.08161705425058129
-0.06116809981404401
-0.046835436111385874
-0.0351282581986439
-0.025685693931602152
-0.01830071369572155
-0.012454686860807838
-0.007670399728417355
-0.0035979200292756476
0.
0.003646566135111554
0.006991384288187393
0.01015983809093101
0.013259689961614139
0.01641098675807646
0.019764001810430046
0.02349273023274213
0.027750694237883466
0.032530479218264165
0.037575707312991175
0.04273381513358961
0.04836963602660524
0.05515565144520084
0.06405540253397828
0.07673192553370932
0.09707063472835681
0.1375669543853161
0.3163202259675633
0.09696864686317509
0.009752399609708038
-0.07785135423714111
-0.298274026391988
-0.12060885146116378
-0.08061872021165337
-0.058964275638691
-0.04322348587580678
-0.031081804814017167
-0.021805841292027995
-0.014617795655118613
-0.008871342530312203
-0.004102330315231107
0.
0.004199006827592141
0.007951401315054514
0.011410855356203401
0.014700183263932048
0.01794648326290935
0.021300069457476686
0.024933441450236415
0.029002430983438424
0.0335074893358683
0.03818804391569106
0.042836705051790394
0.04769109818110139
0.053222181704575815
0.060026396162297574
0.06896868645375137
0.08170306424793389
0.10200770230255232
0.14236337064538257
0.3211022740808247
0.1012393722702255
0.013342495416854996
-0.0752141276789563
-0.2965709089131833
-0.1193114772117995
-0.07841340623205699
-0.05523208569947534
-0.03887991346882067
-0.026838095174079646
-0.017731304619210974
-0.010614394546683845
-0.004844307128486373
0.
0.00497847578317355
0.009329515775854976
0.013248642097214899
0.01688372423026829
0.02037806184250252
0.023891654566984603
0.027605787506084896
0.03168784714378959
0.036149225526404705
0.04072166109491957
0.04515408352338207
0.04960685845063023
0.05444316201994076
0.060078908479117156
0.06703065020141263
0.07614326867679432
0.08900404414944839
0.10936898611437013
0.14970735403108318
0.3280815283356923
0.10784989854325942
0.018997866293008706
-0.07084349545094175
-0.2933579775346388
-0.11593942771109551
-0.07384765259194385
-0.05005439461955202
-0.0338382744249428
-0.022018153923419756
-0.01301154220711302
-0.005869162668930704
0.
0.005968752307563777
0.011089629657271245
0.015616677532003208
0.019733733740935712
0.023609232973603348
0.027421631644173765
0.03136997142632433
0.03564090795935256
0.04025834447253929
0.04494016138728489
0.04939439761337047
0.053734219244560996
0.05826803500417658
0.06332178979467644
0.06924615355509497
0.07653633074303609
0.08599481682215991
0.09920012236744481
0.11987704630600407
0.1604547792170485
0.3388076563074048
0.11808720096589494
0.028121144657092128
-0.06333454703730639
-0.28698656983069837
-0.1093810841045569
-0.06690161791982077
-0.043427695047167626
-0.027641697141690375
-0.01609094392828207
-0.007173046986209425
0.
0.007073597089319902
0.01302839918432911
0.018203911302110947
0.022833980145734848
0.02712051500189413
0.031266282301819166
0.035492518722979066
0.04000803815885157
0.04484988558888193
0.04972211385398343
0.054298568570651226
0.058663951238876494
0.06310047292466488
0.06789017989789035
0.07330263335798402
0.07966940007336462
0.08746212421281746
0.09749025960257131
0.11131125500321216
0.1326502737893491
0.17379996632248765
0.3525408001187527
0.1312932969826932
0.03980475490439654
-0.053668318747964266
-0.27797234106687563
-0.09995545034158673
-0.0578238232190702
-0.0350560943685559
-0.01986345193199184
-0.008699995546451726
0.
0.008299209137371288
0.015087488177973256
0.0208562195132356
0.02591967100856425
0.03052718130532352
0.03491134639344432
0.039316294061460866
0.04397132719676198
0.0489281246136074
0.05388805351303373
0.058506715118155646
0.06285045048625552
0.0671845686141851
0.0717658436428186
0.07682081884017762
0.08259918687995044
0.08942007330931298
0.09777494046368065
0.10847561748807742
0.12311687205879124
0.14535143362829206
0.18730198711082713
0.36616661293243985
0.14390597289018098
0.05032867105137917
-0.04394676021345266
-0.2671904151438326
-0.08873668913815695
-0.047176787831434364
-0.025144275053525934
-0.010628128772976326
0.
0.01005095329551212
0.017872003227338496
0.0242790875170326
0.02974262343417998
0.03459438288461646
0.03911221005773776
0.04356864772102203
0.0482146971214795
0.053121800921442
0.058004640306448495
0.0625180065880409
0.06671400803008752
0.07084033982816103
0.07513302213012685
0.07979057941068858
0.08501572885492492
0.09104884670199681
0.09823250280171447
0.1070738371955046
0.11844376999714075
0.13391623282031925
0.1570453817213398
0.19954721923322444
0.3779634731068369
0.15382308481045806
0.0594168035978731
-0.03309544279511343
-0.2548052848334512
-0.07636111256058324
-0.03522376898871023
-0.01385885087296636
0.
0.013298513429896242
0.0228363680238978
0.030206890815368006
0.03621595998421158
0.041357656555449096
0.04599281771821394
0.05044125743842448
0.054986194559263145
0.059729558973243814
0.06441452070077566
0.06870743784378039
0.0726468393129986
0.07645953236516508
0.08036027614915577
0.08452424925289638
0.08912019219803538
0.0943381729198377
0.10043533302714348
0.10776801777547766
0.11690245149124168
0.1287189221704157
0.14478181301071583
0.16845011938832372
0.21082372527891746
0.3880637948594238
0.16339403739012429
0.07094466050551018
-0.019360472092123732
-0.23991305484109873
-0.06153171574792075
-0.020819490196862783
0.
0.020474876008751454
0.03341611277211973
0.042601025635031854
0.04962865077221188
0.05533739241210857
0.0602548101837245
0.06479265019722842
0.06929379259982321
0.07390925721866284
0.07842001739908287
0.08250575260319622
0.08619157639359032
0.08968479322275302
0.09318137973272643
0.09683708907136532
0.10079317603645327
0.10520143493460582
0.1102580738625521
0.1162239779975545
0.12349857735472235
0.13265929340483235
0.14461021720804662
0.16084166915034595
0.18433468773955314
0.2259494335811071
0.40271910634293023
0.17964415431027256
0.08969411515296982
0.0010236804430622426
-0.21888409122014735
-0.04044731693575785
0.
0.04043422849095227
0.060820471320891314
0.07360967804342029
0.0826145786591276
0.08947099994071206
0.09505708539772968
0.09996758090028238
0.10465807110109734
0.10935851246891934
0.11389136564936359
0.11794078496446092
0.12152048284676337
0.12482771248086623
0.128049111114339
0.13132940374759564
0.1347910246968886
0.13855840591760626
0.14278345870031656
0.14766024383806714
0.1534791961998354
0.16064617981993265
0.16976293319910263
0.18169585017840154
0.19766442815045684
0.22037475075354418
0.26101838799423777
0.43825813654925777
0.2169010200726038
0.12861060005117114
0.04092691674820708
-0.17861394234658645
0.
0.17883240559131966
0.21935569486933684
0.23970640341166874
0.2524408874999233
0.2613807888945379
0.2682047747725465
0.2738784568998096
0.2790649279631846
0.2841228902010762
0.2889267314463651
0.2931566625376069
0.29681873684103893
0.3001124966815314
0.3032271423250391
0.306306497851847
0.3094639139222878
0.3128074741877216
0.31645959704155463
0.3205689358543277
0.32535274798452235
0.3311081878834431
0.3382654383335825
0.34740703102840714
0.3591910224094651
0.37453588293061074
0.39608926155265284
0.4361437201665641
0.6139963072429164
0.3938963550227343
0.30639514639968296
0.2192427000939604
0.
-0.2190421818956751
-0.04006425572789046
0.00043029478110036506
0.020794931334041557
0.033502651961221756
0.04243519704539815
0.04938766571070137
0.055422941699389286
0.06112150822508532
0.06644111371482728
0.07105808240680651
0.07497646748383731
0.07841049773052128
0.08156359879049775
0.08458846873404476
0.08759830136300371
0.09069435691213576
0.09398147159433028
0.09757889546115828
0.10165525386872612
0.10643655720571826
0.1122458333845604
0.11950920690796137
0.12865188357531945
0.14004700665497244
0.15437552484243627
0.17498520387676697
0.21506394943141474
0.3932585749259674
0.1738267204081254
0.08680883231654817
0.
-0.08662646543400469
-0.30553593955490477
-0.1267350916018613
-0.08617634119635274
-0.06585948167580727
-0.05319597172577511
-0.044147205103717654
-0.0367840319419329
-0.03010830779139871
-0.02400438114745813
-0.018784636501780763
-0.014437220655076279
-0.010719293291257535
-0.00740075338186651
-0.004309911167462877
-0.0013252193996105873
0.0016561300666069153
0.0047308643613442215
0.008000677653733518
0.011602621331329326
0.01571585334463934
0.020593591179843815
0.026566473515471863
0.03394367931429733
0.04289642693019265
0.05348544229616476
0.06679823674697104
0.08703945153034606
0.12726451070201122
0.30578564628843186
0.08669179131965529
0.
-0.0866229330531544
-0.17330461223290236
-0.3921262083008033
-0.2134060677593362
-0.17297355550890192
-0.15280061372633524
-0.1400870057740385
-0.13060908187747558
-0.12247431072717746
-0.11523463314726243
-0.10914408330007609
-0.10416315745281847
-0.10000131241542984
-0.09638605580519269
-0.09311451799270996
-0.09004747453453939
-0.08707227662498788
-0.08409214713690036
-0.08101376253665077
-0.07771944647385291
-0.07406050104814996
-0.0698299787307382
-0.06475860005196099
-0.05860164170770733
-0.05127077652993736
-0.04292607188217555
-0.03327425176574908
-0.02046370331770836
-0.00024439551770657456
0.040122270688614195
0.2189493686242577
0.
-0.218960835274057
-0.30563377848329354
-0.39235362332097706
-0.6114287299070085
-0.4327956417583987
-0.3926859439065749
-0.3725967422299671
-0.35947556214501875
-0.3490845455883217
-0.34018894720491527
-0.3328534144973317
-0.32696479832730396
-0.32215382400943093
-0.31808290650269044
-0.31450135409441976
-0.31124049668921566
-0.3081682819088923
-0.3051797581665019
-0.3021819884932649
-0.2990672351643719
-0.29570546033324585
-0.29192006820488764
-0.28748180522933264
-0.2821835109341035
-0.27597172659231
-0.2690860880591527
-0.26156213422076835
-0.25244088749992344
-0.2397557666080984
-0.21945743728694075
-0.17894755556164088
0.