0.000018470058348682857
0.00003466458656693829
0.000048955700594835504
0.00006170419011430284
0.00007331199775509594
0.00008423538781423761
0.00009501591643186205
0.00010620503778135921
0.00011794961109483463
0.00012951717517599884
0.0001399747696720044
0.0001493055061468287
0.00015795139752114895
0.000166284124020873
0.0001745044118558587
0.00018264957965805566
0.00019059672911672933
0.00019798723091780967
0.000204022556055363
0.00020715066524582167
0.00020445177322319096
0.00019094663556418187
0.00015938091236405094
0.00010305705319106134
0.000024259820877840903
-0.00004963068988316713
-0.00008529706899153191
-0.0000852305396357473
-0.00006723746187904158
-0.00004396406011888499
-0.00002093429203818534
0
0.000016187423920646866
0.00003058929463345859
0.00004345775146815975
0.000055068827567865454
0.00006575822516794625
0.00007592890105881848
0.0000860709953470507
0.00009668408644341126
0.00010788251559209358
0.00011895552263230002
0.0001290230336401723
0.00013809147139140442
0.00014660420533764003
0.00015493850900796162
0.0001633130295658877
0.0001718041147952197
0.0001803501096914686
0.00018869153536859646
0.00019618028105466281
0.00020149263652500407
0.00020201316740413671
0.0001931013940316712
0.0001676303731536069
0.0001182644530058096
0.000045540402310651896
-0.000025804769346419175
-0.00006368132513132046
-0.00006855791741291342
-0.00005592409657542178
-0.00003730398491293294
-0.00001800947272354646
0
0.000014585101536867064
0.00002775357905992827
0.00003966566074496874
0.0000505337007785831
0.00006064531737389361
0.00007036682293881915
0.00008015450634406405
0.00009047365828102813
0.00010141359872553071
0.00011226931842389091
0.00012218969571963298
0.00013120111939721315
0.0001397562724117223
0.0001482441409159041
0.00015690264033713604
0.00016584264554315745
0.00017505318000301986
0.0001843535474945836
0.00019320967848877874
0.00020046294993300006
0.00020369781240421042
0.00019845455576737798
0.00017754778145476127
0.0001329378823946911
0.00006373902075186073
-6.9047416924507395e-6
-0.000047242664587433465
-0.00005617794131789602
-0.00004765323623537753
-0.00003249283496330585
-0.00001591823746369949
0
0.000013676216720798423
0.00002620370792929475
0.00003767088243686782
0.00004824330378403437
0.00005817706438785476
0.00006781896680484047
0.00007761083993931275
0.00008800327618890357
0.00009906691062658965
0.00011007947614868867
0.00012018810438396243
0.0001294375586318892
0.0001383032041267883
0.0001471967986263229
0.00015638083585186327
0.00016600007538849484
0.00017608762233943236
0.00018652586760852552
0.00019686284631349597
0.0002060452710133333
0.000211749467971716
0.00020951786724449556
0.0001918590084710343
0.00014983441672886529
0.00008130714495207001
8.89565566705305e-6
-0.00003483908893212028
-0.00004747722743647425
-0.000042143889473799885
-0.00002942881390228591
-0.00001463926414192999
0
0.000013364388835277713
0.000025763536398656257
0.000037230106715919285
0.00004789675572637983
0.000058002002175016363
0.00006788782682280354
0.00007799838806755633
0.00008878660196511473
0.00010030982331324256
0.00011180819968910402
0.0001224001101550576
0.0001321473217103221
0.00014155966598117792
0.00015108143023799143
0.0001610044091577793
0.000171506791481264
0.00018266017180162654
0.00019439664750269854
0.00020631912600156736
0.00021742886373539794
0.00022540254915887046
0.00022563388226348876
0.0002101161818767762
0.00016884395608629573
0.00009856040430074562
0.00002224321230506015
-0.00002575152212300704
-0.00004185114997524645
-0.000038966548966952096
-0.000027850941266397564
-0.000014054861928981047
0
0.000013285168145081711
0.000025734661555232905
0.00003733890358172487
0.000048207001912792246
0.000058566955506842886
0.0000687612831287144
0.00007924139906679653
0.0000904675112566404
0.00010248732837314341
0.00011450264373833654
0.00012559900238464297
0.000135852386706881
0.0001458058413563005
0.0001559346173304228
0.00016655721405081373
0.00017788056537127657
0.00019000788621581643
0.00020291030027967387
0.0002162301339915413
0.00022900071743999105
0.00023887144667903066
0.0002410605630507676
0.00022704765202212645
0.00018584427673995382
0.00011326325325484462
0.00003288970247710955
-0.000019040343118612618
-0.00003802384679259026
-0.0000369928420604831
-0.00002697321984347466
-0.00001377459144298891
0
0.000012977073077543528
0.00002523666326872199
0.00003673609930929986
0.00004756398604271814
0.00005793592631768583
0.00006818870156184359
0.00007877128868486876
0.00009014125048736779
0.00010233764840518709
0.00011454630487968996
0.00012584354546300684
0.00013631570716173637
0.00014652282667712015
0.0001569566757469674
0.00016795190560901728
0.00017973562713082355
0.00019243584982814213
0.0002060575349027493
0.0002202839901675443
0.00023419558636101365
0.00024546558616478007
0.00024925600897913677
0.0002367693383873095
0.00019638092996703018
0.00012319394747562407
0.0000409059844385065
-0.000013305693446500375
-0.00003427291941117609
-0.00003474326789047415
-0.000025779600016185685
-0.000013298223295315181
0
0.000012230112773014881
0.00002388285430536665
0.0000348849253150263
0.00004530207560185006
0.000055330581138484306
0.00006529023925335982
0.00007561238643121135
0.00008673635804483566
0.00009869130088369175
0.00011067511470360043
0.00012178684310558
0.00013212058052104316
0.00014223455165001463
0.000152620697440192
0.00016361905435184626
0.0001754702310997801
0.00018832425669410154
0.00020222222392220633
0.0002169027909542196
0.0002315294826932526
0.00024388276690016184
0.0002492304846961664
0.00023877197299890913
0.00020057931858520628
0.0001291594580601815
0.00004758855780948903
-7.153401210247365e-6
-0.000029406464711487413
-0.000031347362636071125
-0.000023727413851333074
-0.000012375975902477576
0
0.000011086177842082617
0.000021775120272795078
0.00003195830264020623
0.00004167283360086411
0.00005108796426839688
0.00006049681001834156
0.00007030097632639785
0.00008090912710106277
0.00009233780693633227
0.00010381532300149859
0.00011448615459833094
0.00012445237786738565
0.00013425956222924037
0.0001443908087086644
0.0001551868223437079
0.00016690110833998882
0.00017970926819598138
0.0001936981876630311
0.00020868278686428526
0.00022394924298159844
0.00023745632068975718
0.0002446905328742271
0.00023699239964956049
0.0002022298811083617
0.000134229822927924
0.00005493168016634819
4.900529368195151e-7
-0.000022933344855745084
-0.000026626711576647373
-0.00002078167295695671
-0.00001101820719887646
0
9.83340552564488e-6
0.000019488238579695754
0.00002881028195637626
0.000037801556721881634
0.00004660035437051894
0.00005547122495535727
0.00006478510444838947
0.00007491887919951578
0.00008587358491940627
0.00009690319854744352
0.00010719547531566696
0.00011686446193610746
0.00012644907062657205
0.00013642962162121135
0.00014715383857644444
0.0001588965484553163
0.00017186982628761068
0.00018622185551181575
0.00020186390610630437
0.0002182297028775425
0.00023347401618007007
0.00024328456098202103
0.00023901672062920222
0.00020802298792680984
0.0001431132993239979
0.00006520984325531534
0.00001014071288261901
-0.000015180956080329275
-0.000021144746133878284
-0.000017430550447454938
-9.497052723471204e-6
0
8.784491333317532e-6
0.000017637235061988114
0.00002634439191259597
0.000034867318747982886
0.00004331413351717182
0.000051927230987703485
0.00006105733653009917
0.00007106005021588377
0.00008191843251989347
0.00009288544265387426
0.0001031656966761097
0.00011289226146215011
0.00012261910026527053
0.0001328438059146518
0.00014393752480521728
0.00015621263539280445
0.00016993450917209604
0.00018533213459935151
0.0002024304144395229
0.00022081904679069697
0.00023881331512142916
0.0002521593425509438
0.00025184556407676343
0.00022401559811955688
0.00015990352072301584
0.00008017224447971729
0.00002191653580603951
-6.748538586908288e-6
-0.000015632824456131555
-0.000014253231652415021
-8.121579725469258e-6
0
7.938211170663535e-6
0.00001622779599389554
0.000024578483051879618
0.00003290391727768212
0.0000412822846818904
0.000049940439397710714
0.000059220009197823864
0.00006946643403428773
0.00008064175445283216
0.0000919686180621062
0.00010263992916691098
0.00011281608461302461
0.00012309048492543524
0.000134000704581315
0.00014596030309756519
0.00015933862756637555
0.000174475231529087
0.00019170520630351184
0.0002111920502185093
0.00023269970771901154
0.00025467591214982626
0.00027277472203926647
0.00027717702896708164
0.00025197340429300495
0.00018610310107105288
0.00010082422198583882
0.000036382210861852594
2.650034334837818e-6
-9.958553417726408e-6
-0.000011196885477953594
-6.877054787275651e-6
0
7.0991736072062926e-6
0.000014895406712446989
0.00002300030535864928
0.00003126859829077036
0.000039744505202786544
0.00004864131106627542
0.00005829721294994683
0.0000690530165034145
0.00008084501102323503
0.00009284335592579138
0.00010421023610096873
0.00011514272154750141
0.000126294716989976
0.00013826411158683003
0.0001515256450077941
0.0001665274681511532
0.00018370962738580143
0.00020354893623861618
0.00022639087040933882
0.00025222310893618585
0.00027964552000201917
0.00030412766953881915
0.00031462721910952614
0.00029223701638601124
0.00022266204027446596
0.00012842889289890264
0.000054794310713702405
0.000014064712352387592
-3.3538018521339027e-6
-7.777337448786255e-6
-5.537500104869298e-6
0
5.999272593402682e-6
0.000013146194602946685
0.000020923526249687662
0.000029108960544406997
0.00003770237949033948
0.00004689922096358156
0.0000570329328283672
0.00006843802952660974
0.00008101759675504668
0.00009387490391283273
0.00010613379198414909
0.00011803955600862406
0.0001303249757094134
0.0001436671378034372
0.0001586221206688488
0.000175744057730821
0.00019560980036119956
0.0002188913416863415
0.0002461898088391787
0.00027781583346879316
0.00031261322557125395
0.0003458532095715328
0.000364854861674438
0.00034652731435551537
0.000271974144698563
0.00016546575122793324
0.00007930410649902258
0.000029154726997564354
5.336339554203197e-6
-3.290610912115891e-6
-3.782229173094848e-6
0
4.265814354001976e-6
0.000010296282017004453
0.000017400661223067395
0.0000252511949184768
0.00003378395855350627
0.00004316353350577954
0.00005370769937471002
0.00006573320538010958
0.00007909867539729439
0.00009283645344650715
0.00010603978393323703
0.0001190169419824828
0.0001325946399178717
0.00014754652097636703
0.0001645326735675426
0.00018424868910342696
0.00020745986531941636
0.00023511420914669695
0.0002681890418844053
0.0003074951412030469
0.00035232713359822357
0.0003978714202472324
0.0004293904672550893
0.00041800369589976356
0.0003381023441403844
0.0002158975215744233
0.00011318860507533839
0.00005036477029282402
0.000017776806123001664
3.263623578957547e-6
-1.1600326657313332e-6
0
1.322709362299715e-6
5.2833064975277465e-6
0.000010952369294562352
0.000017852915691019315
0.00002582379495006579
0.00003497182822731227
0.00004557267368440503
0.00005789811131585799
0.00007174586720419987
0.00008609198029602677
0.00010003263291459537
0.00011395736290933043
0.00012879400184580948
0.0001454251347182531
0.00016463904431248793
0.00018731844306196652
0.00021448964263084212
0.00024749691045622543
0.00028788549641210786
0.0003372679768394659
0.0003957943429223197
0.00045892641653064685
0.0005095304015435564
0.000510722442969745
0.0004268194113426543
0.0002855751500687352
0.0001613580759874699
0.00008138358531195906
0.0000364923294206156
0.000013409392715904768
3.0197852183494958e-6
0
-3.765518032756906e-6
-3.645921285114789e-6
-8.993998024152083e-7
3.78344321875174e-6
0.00001008952607370485
0.00001801713642755362
0.000027745232598775387
0.000039445288851035544
0.00005283190343094879
0.00006688069689076794
0.00008077496893541356
0.00009500379905709581
0.00011057895592472459
0.00012848488678322744
0.00014965377488474673
0.00017520447967783525
0.00020651484854094227
0.000245488311993282
0.0002945210431635541
0.0003565091799693127
0.0004331964882365469
0.0005211950467724305
0.0006010934230014627
0.0006253143117840433
0.0005428988146626349
0.0003811175722256647
0.00023019646980432774
0.00012738635927827876
0.00006519784018355315
0.00002946562265204164
9.835640776453348e-6
0
-0.000012401475356207878
-0.0000191762923622642
-0.000022021169765733685
-0.000021926794820325394
-0.000019442070709835666
-0.00001476643369918912
-7.920161492939313e-6
1.0652048156449512e-6
0.000011795164050954614
0.00002338382907190464
0.00003527831258344842
0.000048073465589605015
0.00006278750926215066
0.00008044653454211013
0.0001021055205350407
0.00012914298132535984
0.00016336624256235342
0.00020740840242730157
0.0002648627316355765
0.0003405724873997814
0.0004390729773415019
0.0005599434536179408
0.0006830704359475421
0.0007482945663219519
0.000682282681618822
0.0005055862105819282
0.0003256284233047027
0.0001943308580233375
0.00010863749927009712
0.000054582276656750975
0.0000208154460230946
0
-0.000026220268632595626
-0.000044581326099319245
-0.00005730314770129137
-0.00006576496681811167
-0.00007086191232390784
-0.00007313123400037472
-0.00007296504473530906
-0.00007076880466057311
-0.00006706485644869905
-0.00006231371596978965
-0.00005647969651554367
-0.000048899622615883614
-0.0000387552436634239
-0.000025160901446891575
-7.064546878303128e-6
0.000017085356132688745
0.00004948110503676326
0.00009350415138836783
0.00015413687849238106
0.00023873026126413732
0.0003560534848746718
0.0005117118557003335
0.0006900207115526062
0.0008221434966723477
0.0008070242470163005
0.0006423460738621043
0.0004440646329233868
0.0002841146560863358
0.0001700833136684479
0.00009155503019300318
0.000037505587904223955
0
-0.0000457285786230202
-0.00008130497925265553
-0.00010939900811651034
-0.00013179302748242126
-0.00014982219067778024
-0.00016453316277184916
-0.0001769240756548195
-0.00018800388176688895
-0.00019840709832688244
-0.00020768960347188628
-0.00021473873204880267
-0.00021895404587493524
-0.00022012646020011902
-0.00021789631842261881
-0.00021154218071994278
-0.0001996803493009419
-0.00018011255275029393
-0.0001491848375358967
-0.00010103362602322579
-0.000026225883170662617
0.00008869257906443721
0.0002585372413862745
0.0004823796093849846
0.0007024913830726435
0.0008011002273820696
0.0007217920990713722
0.0005509782248194494
0.0003814069811583061
0.00024350334679891495
0.0001385439680900864
0.000059666955214992066
0
-0.00006762538490526163
-0.0001238163868169017
-0.00017128526174472637
-0.00021203596763624534
-0.00024781733725061134
-0.0002802891519103857
-0.0003112440533970761
-0.000342478290655891
-0.00037465948210873597
-0.00040589734533457187
-0.00043351569208623195
-0.00045720159949587136
-0.0004778859798705693
-0.0004962580621906438
-0.0005124254864846449
-0.0005257744105746446
-0.0005348694595981225
-0.0005368971430633346
-0.0005266502759424841
-0.0004947493421543098
-0.00042516713317203325
-0.00029368743878601387
-0.00007567951380085503
0.00021765830616332245
0.0004955821694651318
0.0006200868729995151
0.0005703284147071295
0.0004423309467220563
0.0003045039529229
0.0001830681216913369
0.00008236441628858524
0
-0.00008078785582717044
-0.00015142325411472034
-0.00021387952184829718
-0.0002699082244768508
-0.0003213651812745189
-0.0003703294174928099
-0.0004192388193081258
-0.0004705304360542931
-0.0005247558512329473
-0.000578500278066468
-0.000627588843848756
-0.0006721723629409703
-0.0007145147039408264
-0.0007565749957931738
-0.0007995759419199825
-0.0008441228629943986
-0.0008902134805807428
-0.0009369624541367733
-0.0009815498405927913
-0.0010174741294563098
-0.0010302909551275078
-0.0009913196971727857
-0.0008509156224310204
-0.0005542192717712124
-0.00011651664334197847
0.00026893303123128444
0.0004230832236203939
0.00040133700031419017
0.00030653937319576405
0.00019653675308928712
0.00009249610562350436
0
-0.00007371618499335509
-0.00014170538726136875
-0.00020444582649496832
-0.0002628621025117146
-0.0003183941663489379
-0.00037301708554629597
-0.0004292362725371629
-0.0004895601999148696
-0.0005542618703487211
-0.0006191050806870351
-0.0006793113043709729
-0.0007354855741240257
-0.0007907642170614617
-0.0008479810884336185
-0.0009092403326416969
-0.0009762803922292553
-0.0010505971254572853
-0.0011335318436090332
-0.0012254421948214476
-0.0013244527177853414
-0.00142149407865442
-0.0014909738562518726
-0.001471398273450667
-0.0012558541023508767
-0.0007754861501464348
-0.00021697501020045856
0.00012562057558853236
0.00023617616506540004
0.00022089857994218133
0.00015658300277881625
0.00007836501360589928
0
-0.000048041599432457626
-0.00009642223580222331
-0.00014391777419283015
-0.00019034185650360506
-0.0002363291922592661
-0.0002832446062209466
-0.0003330335979054171
-0.00038765350066894517
-0.0004470242983208083
-0.0005071127297534903
-0.0005636874472836234
-0.0006176392839656383
-0.000672187524284915
-0.0007303166737606297
-0.0007944515839900887
-0.0008669626539238061
-0.0009503598283185388
-0.0010476892611185806
-0.0011620905095970286
-0.0012963015115815912
-0.0014482877808243034
-0.0016016529694171952
-0.00170011935018304
-0.0016173859134959291
-0.0012236151402655684
-0.0006460966973317921
-0.0002080890827667633
6.815458612592341e-6
0.00007677122511978036
0.00007591506343806698
0.000044122480713636346
0
-0.000012790774602932238
-0.00003151817987896934
-0.00005365105285115456
-0.00007799960307238697
-0.00010428805735981463
-0.00013298267876504333
-0.00016504330983839252
-0.0002014506374982572
-0.00024181501062751234
-0.00028323877408037104
-0.000322980525204491
-0.00036195745819450967
-0.00040267154513208347
-0.00044749681953824724
-0.0004985168703836384
-0.0005580191126832891
-0.0006286873872586833
-0.0007141346246826073
-0.0008188424084010213
-0.0009483461946053276
-0.0011063883617377652
-0.0012877798070313321
-0.0014557833417488744
-0.0015059430751884824
-0.0012974665782799976
-0.0008647237904935895
-0.00045939861166025806
-0.00020555670980313312
-0.00007501589508936368
-0.000017091815594512828
1.7987381849172573e-6
0
0.000018287379257532896
0.000027400448392732017
0.000030355752934561897
0.00002889052818528035
0.00002395400902181498
0.000015901232826217787
4.767659663706917e-6
-9.433941384058943e-6
-0.000026140144549642804
-0.00004396168949436643
-0.00006191792479098547
-0.00008074991304488088
-0.00010185349767294774
-0.00012660208319713683
-0.00015634340092311784
-0.00019277102050867346
-0.0002380597280206366
-0.0002953584453371862
-0.0003689772989185838
-0.000464936777861504
-0.0005897116775942601
-0.000746362379262363
-0.0009197683425876851
-0.0010481849088427883
-0.0010267304289024368
-0.0008187586574043592
-0.0005462103296084105
-0.0003261731480729296
-0.00017909845400336112
-0.00008773235401293517
-0.00003253775603678673
0
0.000034128172746741834
0.000058766808867016694
0.00007663984518074677
0.0000894871941842474
0.00009849094970008821
0.00010443866127479018
0.0001079642723044807
0.00010968701897443739
0.00011018760989411402
0.00010970441295041379
0.00010797174245566565
0.00010446444428220713
0.00009867934975841786
0.0000900666473443234
0.00007793362692415677
0.00006120517863307878
0.000038347538939846144
6.980311672205775e-6
-0.00003641501081691322
-0.00009713311213604186
-0.00018201329008802862
-0.0002978326656094026
-0.0004429740558360771
-0.0005884443817404997
-0.0006699772885065738
-0.0006284197836062923
-0.0004902296178187104
-0.00033623281826009944
-0.00020877993866139774
-0.0001147472100346677
-0.000047678249438491875
0
0.00003714214653824244
0.00006613396815562389
0.00008909120380263515
0.00010746731041451102
0.00012237268617398952
0.0001346918855685367
0.00014526914512053113
0.00015494453785098506
0.00016422383614923583
0.00017271573236112684
0.00017954206453170692
0.00018435100256247234
0.00018715718100498067
0.00018789668844145587
0.00018629060311861512
0.00018170096822763438
0.00017309246865259293
0.00015874196144389122
0.00013592583282579057
0.00010031738291567478
0.00004570610937431342
-0.00003558889657944651
-0.00014818882326054535
-0.00028108959824262925
-0.00039662483734774056
-0.0004369258968936346
-0.0003843649883259445
-0.00028790505685522135
-0.00019106812754460744
-0.00011075274882070495
-0.000048132170065846794
0
0.00003416187890770104
0.00006188183803014895
0.0000846912990886856
0.00010370974975756329
0.00011986939913542527
0.00013399335852621715
0.00014692963686093003
0.00015952985595216128
0.0001722003369376548
0.00018427136873178177
0.00019464997782894745
0.00020310733136124712
0.00020991322635638467
0.0002152495203913048
0.00021906729361839648
0.00022100409594963703
0.00022036620181572477
0.00021591245343050407
0.00020555630184939644
0.00018583447589132075
0.000151402843599414
0.00009487347880419844
9.252719548351902e-6
-0.0001033974495306152
-0.00022072649422874837
-0.00029245375021873644
-0.0002853620453871844
-0.00022821027408285248
-0.00015850137374231582
-0.00009506791695784118
-0.00004245393397904429
0
0.000029596681741069507
0.00005424070871291888
0.00007501447542352078
0.0000927581443649499
0.00010822532842689256
0.00012213398825931002
0.00013526088944675478
0.00014839066619653035
0.00016183980609194625
0.00017484186965801752
0.00018627715273166232
0.00019600093435323
0.000204396599321698
0.00021176065868516822
0.00021816761944606542
0.00022342561582507924
0.0002270693434829313
0.00022819746420023071
0.0002252002778841123
0.00021529952960670212
0.0001939577995457747
0.00015443889518121546
0.00008906392159178976
-4.549417736039728e-6
-0.00011292670896246382
-0.00019352111202279191
-0.0002092244684483949
-0.00017688671697632983
-0.00012735307324692025
-0.00007838830961712463
-0.00003571044954671078
0
0.000025195800577477783
0.00004659614508602722
0.00006496231582557958
0.00008092367465781659
0.00009508579321049845
0.0001080633692777332
0.00012054621403424778
0.00013323382123661443
0.00014637076185539886
0.00015917686430244702
0.0001705805366388628
0.0001804947224541182
0.00018934727169448148
0.00019748419898229448
0.000205046508276928
0.00021195026029327356
0.000217885077158
0.00022218995440507675
0.00022360720216572656
0.0002198828443694862
0.00020715003657913126
0.0001793533386162484
0.00012879846656021135
0.0000508168810379837
-0.00004649964145418032
-0.00012702228885555313
-0.000154012373540656
-0.0001372233738684827
-0.00010194943249025208
-0.00006412877988420446
-0.000029694278921417335
0
0.00002146078149045969
0.00003999558217317128
0.00005613891840837032
0.00007036536121693066
0.00008316497160476273
0.00009506440974103693
0.00010667261918695354
0.0001186086650009651
0.00013106172733114269
0.0001432714116538293
0.00015423660522967186
0.00016391074060281542
0.00017273456093200702
0.0001810729683757112
0.00018910392397765492
0.0001968146578804978
0.00020400315922277759
0.00021018192892011808
0.00021435511889613177
0.00021466757357151703
0.00020778660244152915
0.00018825513409979238
0.00014859015207801979
0.00008287454608909395
-4.249365194718053e-6
-0.00008165309037706027
-0.00011427195043369545
-0.00010746731041451127
-0.0000822489682671048
-0.00005276256219177936
-0.00002478475624944694
0