6.7785313052161089e-01 0.0
4.1615175214734634e-01 0.0
3.0780133012997313e-01 0.0
2.1673123948053521e-01 0.0
0.0000000000000000e+00 0.0
1.6828627796977910e-01 0.0
2.0799150853323650e-01 0.0
2.3022188523906681e-01 0.0
2.4604084742301677e-01 0.0
2.5777889214137495e-01 0.0
2.6691478461540752e-01 0.0
2.7353017712779459e-01 0.0
2.7931244200958821e-01 0.0
2.8419516117325166e-01 0.0
2.8832538492510268e-01 0.0
2.9193571008102109e-01 0.0
2.9623254429744966e-01 0.0
2.9976516115321195e-01 0.0
3.0291637956895090e-01 0.0
3.0605591615626826e-01 0.0
3.0971502591464228e-01 0.0
3.1361560670049560e-01 0.0
3.1782821710908876e-01 0.0
3.2264866638109158e-01 0.0
3.2929122671253569e-01 0.0
3.3640849375402770e-01 0.0
3.4459620597592000e-01 0.0
3.5399815203287349e-01 0.0
3.6647070149658806e-01 0.0
3.8369479212295121e-01 0.0
4.1221351339853135e-01 0.0
4.7225940957058171e-01 0.0
4.6385986093477599e-01 0.0
6.3687383327044056e-01 0.0
4.0448648459529296e-01 0.0
3.0920633794850616e-01 0.0
2.1612495906272924e-01 0.0
0.0000000000000000e+00 0.0
1.7111183123488879e-01 0.0
2.1004858499359896e-01 0.0
2.3148200779672487e-01 0.0
2.4633978167441981e-01 0.0
2.5734264814343383e-01 0.0
2.6511027123419939e-01 0.0
2.7162940633173482e-01 0.0
2.7694157797069696e-01 0.0
2.8133298074268626e-01 0.0
2.8503928972472042e-01 0.0
2.8923042555075235e-01 0.0
2.9263148501594560e-01 0.0
2.9554383854845806e-01 0.0
2.9833478772330457e-01 0.0
3.0149744570155473e-01 0.0
3.0475699022362090e-01 0.0
3.0812257334223492e-01 0.0
3.1181695922366703e-01 0.0
3.1679632010455944e-01 0.0
3.2203748439185409e-01 0.0
3.2787588346725915e-01 0.0
3.3428456237782295e-01 0.0
3.4244686651243522e-01 0.0
3.5262859493196119e-01 0.0
3.6810420191640447e-01 0.0
3.9737149441241654e-01 0.0
4.0582093807014091e-01 0.0
4.5204776627175169e-01 0.0
6.1915745637234487e-01 0.0
3.9728302297091295e-01 0.0
3.0578835429551671e-01 0.0
2.1816583051898172e-01 0.0
0.0000000000000000e+00 0.0
1.7073170781230992e-01 0.0
2.1002035046762862e-01 0.0
2.3202478394349191e-01 0.0
2.4702696978807651e-01 0.0
2.5730301039091585e-01 0.0
2.6555293812476777e-01 0.0
2.7209146689480646e-01 0.0
2.7734127221991722e-01 0.0
2.8174893163576770e-01 0.0
2.8653805005616462e-01 0.0
2.9025955152502214e-01 0.0
2.9343466667925672e-01 0.0
2.9640274172213293e-01 0.0
2.9966692456176125e-01 0.0
3.0289904064716311e-01 0.0
3.0612270649179674e-01 0.0
3.0958731727676386e-01 0.0
3.1407232820292191e-01 0.0
3.1867568321977097e-01 0.0
3.2368216104936459e-01 0.0
3.2896959700598211e-01 0.0
3.3540093259006448e-01 0.0
3.4260343163640483e-01 0.0
3.5254193730782074e-01 0.0
3.6962584071868776e-01 0.0
3.8100906807755119e-01 0.0
4.0772431306878165e-01 0.0
4.4377438080091686e-01 0.0
6.1804940436317857e-01 0.0
3.9418335005159916e-01 0.0
3.0777415836503674e-01 0.0
2.1648710360323106e-01 0.0
0.0000000000000000e+00 0.0
1.6993879811082971e-01 0.0
2.1008152772078079e-01 0.0
2.3212478572511330e-01 0.0
2.4612705069209681e-01 0.0
2.5668017967042989e-01 0.0
2.6483806680457850e-01 0.0
2.7121439957842097e-01 0.0
2.7645209110870850e-01 0.0
2.8196946711424586e-01 0.0
2.8620357890197323e-01 0.0
2.8979209937391115e-01 0.0
2.9309789298437444e-01 0.0
2.9663120248304869e-01 0.0
3.0004014683197672e-01 0.0
3.0336062306979295e-01 0.0
3.0684983179158548e-01 0.0
3.1129676782963533e-01 0.0
3.1574751235552628e-01 0.0
3.2052610222864247e-01 0.0
3.2543346039669685e-01 0.0
3.3119184330741513e-01 0.0
3.3715356131960694e-01 0.0
3.4472615830987374e-01 0.0
3.5667220507999764e-01 0.0
3.6453703821771666e-01 0.0
3.8325519551272447e-01 0.0
4.0225275916219388e-01 0.0
4.3862141148425177e-01 0.0
6.1103943469529032e-01 0.0
3.9899217807871440e-01 0.0
3.0713742519201559e-01 0.0
2.1609348617076685e-01 0.0
0.0000000000000000e+00 0.0
1.7050096783803412e-01 0.0
2.1066385410331040e-01 0.0
2.3141204557331338e-01 0.0
2.4504653124023423e-01 0.0
2.5530820244148911e-01 0.0
2.6298755062271678e-01 0.0
2.6900795667210059e-01 0.0
2.7517578957930106e-01 0.0
2.7987729864008815e-01 0.0
2.8379879277444914e-01 0.0
2.8736094079348290e-01 0.0
2.9109810603418790e-01 0.0
2.9461994496966892e-01 0.0
2.9799880535032897e-01 0.0
3.0150602292906059e-01 0.0
3.0585707931097839e-01 0.0
3.1020908919061796e-01 0.0
3.1479430091196203e-01 0.0
3.1946398363158091e-01 0.0
3.2480305519508285e-01 0.0
3.3004334356842002e-01 0.0
3.3633117756685982e-01 0.0
3.4561511493052627e-01 0.0
3.4972774137862150e-01 0.0
3.6468442040131238e-01 0.0
3.7827832590527061e-01 0.0
3.9815303095514537e-01 0.0
4.3970909270863157e-01 0.0
6.1160532194092343e-01 0.0
3.9315380389162352e-01 0.0
3.0234190719804727e-01 0.0
2.1127704461449839e-01 0.0
0.0000000000000000e+00 0.0
1.7050619279212106e-01 0.0
2.0890112403287386e-01 0.0
2.2943230297383602e-01 0.0
2.4267382748610988e-01 0.0
2.5212220652396267e-01 0.0
2.5931549401390303e-01 0.0
2.6612444344982877e-01 0.0
2.7128398286290267e-01 0.0
2.7549705849071587e-01 0.0
2.7927796048087522e-01 0.0
2.8314362347729499e-01 0.0
2.8673548447569797e-01 0.0
2.9011783569993504e-01 0.0
2.9356756062960160e-01 0.0
2.9781389374093581e-01 0.0
3.0200697999739173e-01 0.0
3.0639672828944492e-01 0.0
3.1082281529943445e-01 0.0
3.1581934709070536e-01 0.0
3.2057833543603559e-01 0.0
3.2606066709912446e-01 0.0
3.3385152778674509e-01 0.0
3.3458078323703561e-01 0.0
3.4669672533599899e-01 0.0
3.5729692978201610e-01 0.0
3.7072996293505167e-01 0.0
3.9367638417551915e-01 0.0
4.3350579145022755e-01 0.0
6.0528818142919927e-01 0.0
3.8760913534744434e-01 0.0
2.9672076398578900e-01 0.0
2.1014790230736810e-01 0.0
0.0000000000000000e+00 0.0
1.6789333257412850e-01 0.0
2.0744194550601638e-01 0.0
2.2718349228633891e-01 0.0
2.3982365131070638e-01 0.0
2.4856130918067385e-01 0.0
2.5663147496931926e-01 0.0
2.6244130312471842e-01 0.0
2.6703787593120704e-01 0.0
2.7103383448510604e-01 0.0
2.7500523144192024e-01 0.0
2.7861585463952487e-01 0.0
2.8193647935203903e-01 0.0
2.8527196982640990e-01 0.0
2.8927910420300512e-01 0.0
2.9321715662168440e-01 0.0
2.9729825205619581e-01 0.0
3.0136834058255918e-01 0.0
3.0590484436436083e-01 0.0
3.1012093469218294e-01 0.0
3.1483643696664859e-01 0.0
3.2133740138363293e-01 0.0
3.2569314610360445e-01 0.0
3.3553657198052561e-01 0.0
3.4354185986669117e-01 0.0
3.5367450839320907e-01 0.0
3.6930231954316090e-01 0.0
3.9133625294886587e-01 0.0
4.3129505593281664e-01 0.0
6.0076852605953879e-01 0.0
3.8465448483933384e-01 0.0
2.9790917705410214e-01 0.0
2.1208560251658304e-01 0.0
0.0000000000000000e+00 0.0
1.7237382316694977e-01 0.0
2.1070775227566832e-01 0.0
2.2979286857732714e-01 0.0
2.4258244245177640e-01 0.0
2.5207504184174712e-01 0.0
2.5887696892621614e-01 0.0
2.6406196202620941e-01 0.0
2.6839271622450628e-01 0.0
2.7256584700252318e-01 0.0
2.7621502173199797e-01 0.0
2.7948369908188758e-01 0.0
2.8269674441954146e-01 0.0
2.8647700228441825e-01 0.0
2.9009794386362175e-01 0.0
2.9383534736337580e-01 0.0
2.9749879883691754e-01 0.0
3.0160230119585718e-01 0.0
3.0527487237567041e-01 0.0
3.0927843107549979e-01 0.0
3.1459791728618691e-01 0.0
3.2514405094956950e-01 0.0
3.3321644661561794e-01 0.0
3.3951355984617743e-01 0.0
3.4706520780566891e-01 0.0
3.5855332151908165e-01 0.0
3.7358708638329541e-01 0.0
3.9546295505950463e-01 0.0
4.3370893298432134e-01 0.0
6.0231795446819736e-01 0.0
3.9025305342299654e-01 0.0
3.0493210972114726e-01 0.0
2.2028404198277768e-01 0.0
0.0000000000000000e+00 0.0
1.7952446593521859e-01 0.0
2.1836778031619128e-01 0.0
2.3841379159108031e-01 0.0
2.5143214455214019e-01 0.0
2.6024433463298263e-01 0.0
2.6658607108916188e-01 0.0
2.7168213777837930e-01 0.0
2.7635495081929090e-01 0.0
2.8027903959393519e-01 0.0
2.8368889789814822e-01 0.0
2.8692180995388705e-01 0.0
2.9066132066653116e-01 0.0
2.9411729761262190e-01 0.0
2.9764360132639850e-01 0.0
3.0104169687601406e-01 0.0
3.0484575114154605e-01 0.0
3.0811431705398912e-01 0.0
3.1155937591541549e-01 0.0
3.1598296135302006e-01 0.0
3.1706048309292678e-01 0.0
3.2375454986500929e-01 0.0
3.2885063882880305e-01 0.0
3.3468546125294540e-01 0.0
3.4349421971539634e-01 0.0
3.5448973733841849e-01 0.0
3.6917850615645659e-01 0.0
3.8930569771467610e-01 0.0
4.2778158644793562e-01 0.0
5.9686123117614731e-01 0.0
3.8538812671993999e-01 0.0
3.0149334289348684e-01 0.0
2.1680116069414973e-01 0.0
0.0000000000000000e+00 0.0
1.7673596034064620e-01 0.0
2.1669219724937991e-01 0.0
2.3726048941298766e-01 0.0
2.4979669406145430e-01 0.0
2.5822033847949355e-01 0.0
2.6457490389908550e-01 0.0
2.7010705664188295e-01 0.0
2.7454944107064005e-01 0.0
2.7828050423200640e-01 0.0
2.8169035150589489e-01 0.0
2.8548522150593209e-01 0.0
2.8895850279865226e-01 0.0
2.9241746593444584e-01 0.0
2.9571123961785861e-01 0.0
2.9934108701541545e-01 0.0
3.0235216863302855e-01 0.0
3.0541319793332850e-01 0.0
3.0918999939256508e-01 0.0
3.1363024917215626e-01 0.0
3.1939702165793965e-01 0.0
3.2360962177438812e-01 0.0
3.2825093514657594e-01 0.0
3.3525066325166497e-01 0.0
3.4368431673208821e-01 0.0
3.5434325752638834e-01 0.0
3.6739327592144039e-01 0.0
3.8743058348633552e-01 0.0
4.2514957762274230e-01 0.0
5.9346214143181719e-01 0.0
3.8514864295392609e-01 0.0
3.0128831437305981e-01 0.0
2.1696567286816029e-01 0.0
0.0000000000000000e+00 0.0
1.7959906892542757e-01 0.0
2.1923061062283883e-01 0.0
2.3903703839104204e-01 0.0
2.5102802875890151e-01 0.0
2.5943917081496581e-01 0.0
2.6626931999809461e-01 0.0
2.7151434835608818e-01 0.0
2.7578011455923707e-01 0.0
2.7955061771237222e-01 0.0
2.8355861249928310e-01 0.0
2.8714889795798609e-01 0.0
2.9067600898498414e-01 0.0
2.9399168429925004e-01 0.0
2.9755367313591646e-01 0.0
3.0044261272283035e-01 0.0
3.0328965775265332e-01 0.0
3.0663785783656100e-01 0.0
3.1126963901653876e-01 0.0
3.1650513811356118e-01 0.0
3.2009622131243981e-01 0.0
3.2394596855915331e-01 0.0
3.2977032414664215e-01 0.0
3.3656422640739980e-01 0.0
3.4488441632517053e-01 0.0
3.5438408326438225e-01 0.0
3.6747584244295878e-01 0.0
3.8712734376468216e-01 0.0
4.2520083415689386e-01 0.0
5.9759132899046730e-01 0.0
3.8548772164809153e-01 0.0
3.0165890177226862e-01 0.0
2.1844282794473707e-01 0.0
0.0000000000000000e+00 0.0
1.8010584411233077e-01 0.0
2.1970185104146039e-01 0.0
2.3918331515737648e-01 0.0
2.5145023263987226e-01 0.0
2.6057321728735006e-01 0.0
2.6721260081209519e-01 0.0
2.7237510997384756e-01 0.0
2.7678739874780217e-01 0.0
2.8130855022091600e-01 0.0
2.8516717873050451e-01 0.0
2.8891440349131170e-01 0.0
2.9239266129464353e-01 0.0
2.9605420165059027e-01 0.0
2.9894772335530778e-01 0.0
3.0169779931920748e-01 0.0
3.0480413086849822e-01 0.0
3.0752304873405795e-01 0.0
3.1232443633756640e-01 0.0
3.1560238981601274e-01 0.0
3.1891102062084431e-01 0.0
3.2392829749344648e-01 0.0
3.2957928522863822e-01 0.0
3.3626070730497837e-01 0.0
3.4360921051991317e-01 0.0
3.5359223266819356e-01 0.0
3.6580767665126884e-01 0.0
3.8493044097954232e-01 0.0
4.2334980324610860e-01 0.0
6.0514949543742680e-01 0.0
3.8609707238592161e-01 0.0
3.0273127901136004e-01 0.0
2.1889308723674605e-01 0.0
0.0000000000000000e+00 0.0
1.7826705044083177e-01 0.0
2.1751592497009375e-01 0.0
2.3750875065188101e-01 0.0
2.5062486490825847e-01 0.0
2.5949904874327417e-01 0.0
2.6593156063881485e-01 0.0
2.7135134671182909e-01 0.0
2.7653737135605622e-01 0.0
2.8091388966438074e-01 0.0
2.8500051119440356e-01 0.0
2.8876369302808264e-01 0.0
2.9255744505400150e-01 0.0
2.9553857123590999e-01 0.0
2.9831028795223374e-01 0.0
3.0130724642743528e-01 0.0
3.0013151127269683e-01 0.0
3.0472039744810658e-01 0.0
3.0775416918822851e-01 0.0
3.1070606624558383e-01 0.0
3.1509988665827504e-01 0.0
3.1998355579979204e-01 0.0
3.2556694954563342e-01 0.0
3.3147984757452825e-01 0.0
3.3912452541278343e-01 0.0
3.4787381130696970e-01 0.0
3.6006850859271577e-01 0.0
3.7915709075797077e-01 0.0
4.1914751869017985e-01 0.0
5.9651659869542073e-01 0.0
3.8206896288224423e-01 0.0
2.9835233953905177e-01 0.0
2.1199203935674907e-01 0.0
0.0000000000000000e+00 0.0
1.7305576885000054e-01 0.0
2.1258631493121330e-01 0.0
2.3344153968538359e-01 0.0
2.4591071306936854e-01 0.0
2.5463250050812469e-01 0.0
2.6120657655357843e-01 0.0
2.6732950203140832e-01 0.0
2.7229845562833399e-01 0.0
2.7686639371527283e-01 0.0
2.8100668082119651e-01 0.0
2.8511379597419728e-01 0.0
2.8829047535055830e-01 0.0
2.9110444251010514e-01 0.0
2.9409231528327640e-01 0.0
3.0095998669349078e-01 0.0
3.0553276516415562e-01 0.0
3.0838672383745130e-01 0.0
3.1108507748047670e-01 0.0
3.1506351277972666e-01 0.0
3.1937939195177134e-01 0.0
3.2427392877190808e-01 0.0
3.2927259943873072e-01 0.0
3.3552232270806653e-01 0.0
3.4228691599781202e-01 0.0
3.5117491707450371e-01 0.0
3.6342274523982859e-01 0.0
3.8350414140170513e-01 0.0
4.2391507960060587e-01 0.0
6.0309498488341251e-01 0.0
3.8483325859629131e-01 0.0
2.9794260470636841e-01 0.0
2.1361981209954395e-01 0.0
0.0000000000000000e+00 0.0
1.7516353055505149e-01 0.0
2.1656114468687501e-01 0.0
2.3630583678291642e-01 0.0
2.4897032426356491e-01 0.0
2.5750557606756402e-01 0.0
2.6508203229071370e-01 0.0
2.7089801082711629e-01 0.0
2.7616973183874260e-01 0.0
2.8086411113806581e-01 0.0
2.8544117046568324e-01 0.0
2.8891653106365545e-01 0.0
2.9187007770819567e-01 0.0
2.9489109188393214e-01 0.0
2.9767894652864135e-01 0.0
3.0227350641046413e-01 0.0
3.0506199404700979e-01 0.0
3.0759741560201015e-01 0.0
3.1125444678521652e-01 0.0
3.1515299024982341e-01 0.0
3.1945656596730115e-01 0.0
3.2381227146394581e-01 0.0
3.2915898288483808e-01 0.0
3.3450562899935088e-01 0.0
3.4173203817573278e-01 0.0
3.4956013841841327e-01 0.0
3.6234839509631050e-01 0.0
3.8273131882508737e-01 0.0
4.2210500497224912e-01 0.0
6.0137055873536449e-01 0.0
3.8089449621023724e-01 0.0
2.9674020999990075e-01 0.0
2.1299285778523114e-01 0.0
0.0000000000000000e+00 0.0
1.7772715645111856e-01 0.0
2.1610353852887235e-01 0.0
2.3607099007341617e-01 0.0
2.4798453450081376e-01 0.0
2.5761157037131482e-01 0.0
2.6470671144488050e-01 0.0
2.7085894691516127e-01 0.0
2.7625059644098721e-01 0.0
2.8140598847618342e-01 0.0
2.8527805648170712e-01 0.0
2.8847638025239697e-01 0.0
2.9160413003647095e-01 0.0
2.9188553016754842e-01 0.0
2.9667846742300541e-01 0.0
2.9953915254069297e-01 0.0
3.0198214941775975e-01 0.0
3.0545454513339260e-01 0.0
3.0903629200036536e-01 0.0
3.1295314103123900e-01 0.0
3.1679439693281325e-01 0.0
3.2138622133517103e-01 0.0
3.2591413464313179e-01 0.0
3.3143879496363304e-01 0.0
3.3742842186702665e-01 0.0
3.4634849944172741e-01 0.0
3.5893579976414625e-01 0.0
3.7845980055992540e-01 0.0
4.1755796984045745e-01 0.0
5.9589868289014558e-01 0.0
3.7934525056249058e-01 0.0
2.9642219758058724e-01 0.0
2.1406930704314564e-01 0.0
0.0000000000000000e+00 0.0
1.7287611474546599e-01 0.0
2.1300131555818100e-01 0.0
2.3205572166413635e-01 0.0
2.4515795835226273e-01 0.0
2.5427877419157985e-01 0.0
2.6182623067416155e-01 0.0
2.6827038598880226e-01 0.0
2.7428730942714041e-01 0.0
2.7875322990627438e-01 0.0
2.8232427553401235e-01 0.0
2.8574461183347982e-01 0.0
2.8888770423368965e-01 0.0
2.9394581082714627e-01 0.0
2.9694644765578482e-01 0.0
2.9938644479796817e-01 0.0
3.0275690091971963e-01 0.0
3.0615932413789687e-01 0.0
3.0980517547600012e-01 0.0
3.1328267867206577e-01 0.0
3.1741181917155042e-01 0.0
3.2136481377993120e-01 0.0
3.2595168003447872e-01 0.0
3.3064306119691339e-01 0.0
3.3736221314143006e-01 0.0
3.4609917154497361e-01 0.0
3.5816168053540609e-01 0.0
3.7767857065588012e-01 0.0
4.1780206931167391e-01 0.0
5.9147059346430764e-01 0.0
3.8033422472541534e-01 0.0
2.9704693344454247e-01 0.0
2.1107218413168991e-01 0.0
0.0000000000000000e+00 0.0
1.7382372429557968e-01 0.0
2.1179434603798553e-01 0.0
2.3176074996051116e-01 0.0
2.4438981260571513e-01 0.0
2.5404804918918561e-01 0.0
2.6204493707095716e-01 0.0
2.6911864417774328e-01 0.0
2.7440047510881943e-01 0.0
2.7855702345226629e-01 0.0
2.8237038793873104e-01 0.0
2.8635739366245722e-01 0.0
2.9191870613703885e-01 0.0
2.9522042683139871e-01 0.0
2.9780009657411433e-01 0.0
3.0119852097304650e-01 0.0
3.0455976628181347e-01 0.0
3.0807790889732484e-01 0.0
3.1139554658854757e-01 0.0
3.1524203711728505e-01 0.0
3.1883175737521013e-01 0.0
3.2285656758341924e-01 0.0
3.2672849239483326e-01 0.0
3.3213625735256946e-01 0.0
3.3876528057973426e-01 0.0
3.4717268440036303e-01 0.0
3.5936014900012364e-01 0.0
3.7987921003481367e-01 0.0
4.1969186259590041e-01 0.0
5.9397236191436442e-01 0.0
3.8212754110759362e-01 0.0
2.9636986272445198e-01 0.0
2.1406720113168159e-01 0.0
0.0000000000000000e+00 0.0
1.7243327743590192e-01 0.0
2.1116854090412937e-01 0.0
2.3083651910679495e-01 0.0
2.4411374850968648e-01 0.0
2.5450977835205241e-01 0.0
2.6324848428783765e-01 0.0
2.6970140178544949e-01 0.0
2.7469584671180364e-01 0.0
2.7920230038187571e-01 0.0
2.8688487330633178e-01 0.0
2.9325493417996934e-01 0.0
2.9701274732793687e-01 0.0
2.9984214891706423e-01 0.0
3.0337359475874304e-01 0.0
3.0676866718088897e-01 0.0
3.1030957732453507e-01 0.0
3.1356868270705063e-01 0.0
3.1731846564711336e-01 0.0
3.2073212768580422e-01 0.0
3.2440667385253813e-01 0.0
3.2779404255987582e-01 0.0
3.3239566194500159e-01 0.0
3.3778560204646074e-01 0.0
3.4423141182632483e-01 0.0
3.5289900980700717e-01 0.0
3.6627151685729437e-01 0.0
3.8676142194049401e-01 0.0
4.2684319455836178e-01 0.0
6.0231901365948470e-01 0.0
3.8433708619834606e-01 0.0
3.0105325792291010e-01 0.0
2.1472492106624572e-01 0.0
0.0000000000000000e+00 0.0
1.7368982717901740e-01 0.0
2.1245462952674854e-01 0.0
2.3298768417972079e-01 0.0
2.4743042053595457e-01 0.0
2.5876195330825946e-01 0.0
2.6699059035594358e-01 0.0
2.7321157174071753e-01 0.0
2.7868204462234125e-01 0.0
2.8303899734334775e-01 0.0
2.9053974904536606e-01 0.0
2.9497961500798664e-01 0.0
2.9817355631712822e-01 0.0
3.0195238578568862e-01 0.0
3.0551854441370996e-01 0.0
3.0917362726117942e-01 0.0
3.1249305084101009e-01 0.0
3.1625503412810047e-01 0.0
3.1958700155486292e-01 0.0
3.2305197989681711e-01 0.0
3.2608671056761745e-01 0.0
3.3011152191058174e-01 0.0
3.3463517597497017e-01 0.0
3.3973710717239852e-01 0.0
3.4619347036440024e-01 0.0
3.5578889906826089e-01 0.0
3.6841991400657109e-01 0.0
3.8781090620306735e-01 0.0
4.2566280979204829e-01 0.0
6.0004778123838964e-01 0.0
3.8877817418610694e-01 0.0
3.0241289391393789e-01 0.0
2.1751468864485859e-01 0.0
0.0000000000000000e+00 0.0
1.7223152335767500e-01 0.0
2.1110512434328832e-01 0.0
2.3266676354719387e-01 0.0
2.4789830641301322e-01 0.0
2.5865268486156745e-01 0.0
2.6655849014464800e-01 0.0
2.7326647330969084e-01 0.0
2.7970120185710834e-01 0.0
2.8883179427998484e-01 0.0
2.9417452400980643e-01 0.0
2.9793882313704623e-01 0.0
3.0215937730171494e-01 0.0
3.0604542885468566e-01 0.0
3.0998773375211103e-01 0.0
3.1357231645322192e-01 0.0
3.1751109815335787e-01 0.0
3.2098242694017731e-01 0.0
3.2446416990382099e-01 0.0
3.2741842493473866e-01 0.0
3.3120758645178539e-01 0.0
3.3531503294034665e-01 0.0
3.3975681073243358e-01 0.0
3.4509767140448772e-01 0.0
3.5279184676636488e-01 0.0
3.6197637392954052e-01 0.0
3.7439508771190444e-01 0.0
3.9386042192426629e-01 0.0
4.3452080933075293e-01 0.0
6.0746818323793661e-01 0.0
3.9208923510088539e-01 0.0
3.0673582439863045e-01 0.0
2.1679885567226781e-01 0.0
0.0000000000000000e+00 0.0
1.7057794698118306e-01 0.0
2.1136520670308798e-01 0.0
2.3411737951482697e-01 0.0
2.4927113814427260e-01 0.0
2.5949467716740260e-01 0.0
2.6815269055495422e-01 0.0
2.7320490116090534e-01 0.0
2.8416590507373746e-01 0.0
2.9056266705211825e-01 0.0
2.9497475782477894e-01 0.0
2.9966495925237224e-01 0.0
3.0390475243246329e-01 0.0
3.0819066775638548e-01 0.0
3.1205746027987824e-01 0.0
3.1624006956368367e-01 0.0
3.1985460005844762e-01 0.0
3.2340190956419473e-01 0.0
3.2636331227374793e-01 0.0
3.3002002349229664e-01 0.0
3.3386210807216277e-01 0.0
3.3787710606718691e-01 0.0
3.4252526941655759e-01 0.0
3.4921558824430737e-01 0.0
3.5635283959929459e-01 0.0
3.6522062948202422e-01 0.0
3.7762888749258749e-01 0.0
3.9839404051272864e-01 0.0
4.3722536047631899e-01 0.0
6.1187830697862056e-01 0.0
3.9679385628216635e-01 0.0
3.0639491686552400e-01 0.0
2.1567131831569822e-01 0.0
0.0000000000000000e+00 0.0
1.7187998921080050e-01 0.0
2.1325188192481390e-01 0.0
2.3513613397057465e-01 0.0
2.4878404378770216e-01 0.0
2.5956254255159117e-01 0.0
2.5999396263702140e-01 0.0
2.7316541459683052e-01 0.0
2.8074300314056494e-01 0.0
2.8589530482214354e-01 0.0
2.9106935950481028e-01 0.0
2.9568337416845802e-01 0.0
3.0031652627893651e-01 0.0
3.0447313652052110e-01 0.0
3.0891300330981364e-01 0.0
3.1270153511794113e-01 0.0
3.1635867215871494e-01 0.0
3.1935514572918339e-01 0.0
3.2297173066473350e-01 0.0
3.2669455218169707e-01 0.0
3.3050785981389230e-01 0.0
3.3475587228931086e-01 0.0
3.4069459759831189e-01 0.0
3.4686813871661892e-01 0.0
3.5406435082662097e-01 0.0
3.6335690662835857e-01 0.0
3.7715909207663761e-01 0.0
3.9761613065047280e-01 0.0
4.3750557339378510e-01 0.0
6.1080342575216540e-01 0.0
3.9252893976615399e-01 0.0
3.0264418232089718e-01 0.0
2.1289773747195848e-01 0.0
0.0000000000000000e+00 0.0
1.7087838260488733e-01 0.0
2.1006265598190466e-01 0.0
2.2990389673021128e-01 0.0
2.4381757345084523e-01 0.0
2.5312442599576707e-01 0.0
2.6940344320992482e-01 0.0
2.7860367788091656e-01 0.0
2.8458168317714527e-01 0.0
2.9028008881414646e-01 0.0
2.9521711008288165e-01 0.0
3.0013195636280915e-01 0.0
3.0450222381637476e-01 0.0
3.0911818221739046e-01 0.0
3.1301146318780587e-01 0.0
3.1671475315218112e-01 0.0
3.1968755441483726e-01 0.0
3.2322023058133043e-01 0.0
3.2680793300029864e-01 0.0
3.3039514245031759e-01 0.0
3.3431758129409600e-01 0.0
3.3965524772094474e-01 0.0
3.4508468508393586e-01 0.0
3.5114605774757085e-01 0.0
3.5857942747288896e-01 0.0
3.6899189510054231e-01 0.0
3.8267169536265300e-01 0.0
4.0366902465174420e-01 0.0
4.4301308612392420e-01 0.0
6.1602707303068527e-01 0.0
3.9861695081088366e-01 0.0
3.0928325411004354e-01 0.0
2.2065971559371164e-01 0.0
0.0000000000000000e+00 0.0
1.7546936795604975e-01 0.0
2.1329347747607874e-01 0.0
2.3323699906711620e-01 0.0
2.4009642996705985e-01 0.0
2.6172442353135333e-01 0.0
2.7345064656024815e-01 0.0
2.8067738258746772e-01 0.0
2.8702990880249862e-01 0.0
2.9232341537010448e-01 0.0
2.9745073201031319e-01 0.0
3.0195479729387342e-01 0.0
3.0666965330972973e-01 0.0
3.1058117786332440e-01 0.0
3.1425644140006181e-01 0.0
3.1713615788363991e-01 0.0
3.2049999543188107e-01 0.0
3.2386344665530725e-01 0.0
3.2718900984326549e-01 0.0
3.3074257233548915e-01 0.0
3.3556771763800974e-01 0.0
3.4030924264348034e-01 0.0
3.4549959473258074e-01 0.0
3.5169431984292454e-01 0.0
3.6005201051991237e-01 0.0
3.7041984429915753e-01 0.0
3.8463900341908669e-01 0.0
4.0588995545459028e-01 0.0
4.4605232762031999e-01 0.0
6.1825310668030986e-01 0.0
4.0317801993785157e-01 0.0
3.1272091916658451e-01 0.0
2.2279652151866786e-01 0.0
0.0000000000000000e+00 0.0
1.7543340790830492e-01 0.0
2.1236885721453849e-01 0.0
2.1851907223209979e-01 0.0
2.5158009937273040e-01 0.0
2.6855097141871676e-01 0.0
2.7830945098435089e-01 0.0
2.8598614943880624e-01 0.0
2.9200270196089406e-01 0.0
2.9758606521618824e-01 0.0
3.0239592059816350e-01 0.0
3.0736028755025568e-01 0.0
3.1136822574634598e-01 0.0
3.1503076422497800e-01 0.0
3.1784981708502119e-01 0.0
3.2106437961043827e-01 0.0
3.2419375734668721e-01 0.0
3.2722774653074244e-01 0.0
3.3039311153489426e-01 0.0
3.3473356861381109e-01 0.0
3.3880265827866013e-01 0.0
3.4319993801654569e-01 0.0
3.4836424721540499e-01 0.0
3.5517976586483785e-01 0.0
3.6334742738657128e-01 0.0
3.7396863683449783e-01 0.0
3.8847957949707185e-01 0.0
4.1056494829094836e-01 0.0
4.5176713758748516e-01 0.0
6.2208728959630277e-01 0.0
4.0488396018273953e-01 0.0
3.1421552734441976e-01 0.0
2.2315865923159967e-01 0.0
0.0000000000000000e+00 0.0
1.7145268967239277e-01 0.0
1.7634447336957193e-01 0.0
2.3884630219929537e-01 0.0
2.6823934203269295e-01 0.0
2.8380194634745642e-01 0.0
2.9457252786102806e-01 0.0
3.0236692537607801e-01 0.0
3.0922509003776277e-01 0.0
3.1493063862779708e-01 0.0
3.2071210699010072e-01 0.0
3.2520982230128309e-01 0.0
3.2919088554113091e-01 0.0
3.3215554918359047e-01 0.0
3.3542253646850484e-01 0.0
3.3850293286810484e-01 0.0
3.4137831340832830e-01 0.0
3.4430064077028910e-01 0.0
3.4838555468646837e-01 0.0
3.5196401252405118e-01 0.0
3.5565832348513432e-01 0.0
3.5997719168216813e-01 0.0
3.6566427380650685e-01 0.0
3.7219202822285402e-01 0.0
3.8040268863558019e-01 0.0
3.9112234007262792e-01 0.0
4.0623674159799467e-01 0.0
4.2862108805406229e-01 0.0
4.6750083874079423e-01 0.0
6.3353593294088184e-01 0.0
4.1857886303797986e-01 0.0
3.2765815499914441e-01 0.0
2.3451657867023745e-01 0.0
0.0000000000000000e+00 0.0
0.0000000000000000e+00 0.0
2.0252315873243285e-01 0.0
2.6416937971162824e-01 0.0
2.9374804613536282e-01 0.0
3.1191785875817690e-01 0.0
3.2412705661459912e-01 0.0
3.3432411383387389e-01 0.0
3.4244612045571093e-01 0.0
3.5067595087270814e-01 0.0
3.5673515871067041e-01 0.0
3.6192601405183700e-01 0.0
3.6572578882895102e-01 0.0
3.6966454137640059e-01 0.0
3.7327849596199264e-01 0.0
3.7652485728033797e-01 0.0
3.7965414330244862e-01 0.0
3.8418020927332980e-01 0.0
3.8777129843757285e-01 0.0
3.9139280695555595e-01 0.0
3.9545243593797558e-01 0.0
4.0070164351270388e-01 0.0
4.0658870741038444e-01 0.0
4.1367309094049187e-01 0.0
4.2259674154255122e-01 0.0
4.3519333806958205e-01 0.0
4.5129693138268512e-01 0.0
4.7286214810352162e-01 0.0
5.1062560587594441e-01 0.0
6.8723677783799775e-01 0.0
4.6772416054873356e-01 0.0
3.7751398778696293e-01 0.0
2.6938304448740646e-01 0.0
2.3512156601802395e-01 0.0
0.0000000000000000e+00 0.0
1.8945243465073539e-01 0.0
2.3989184100414407e-01 0.0
2.6743234622396600e-01 0.0
2.8450360239371747e-01 0.0
2.9816300458232792e-01 0.0
3.0912847240746782e-01 0.0
3.1958026262269723e-01 0.0
3.2734171351719049e-01 0.0
3.3379513244710141e-01 0.0
3.3861342585264070e-01 0.0
3.4328248588408872e-01 0.0
3.4749742408399020e-01 0.0
3.5124521250620921e-01 0.0
3.5477164356155400e-01 0.0
3.5962472538829610e-01 0.0
3.6346472174817224e-01 0.0
3.6719606127064014e-01 0.0
3.7122293509738535e-01 0.0
3.7631245490480331e-01 0.0
3.8192639152299285e-01 0.0
3.8848968141321200e-01 0.0
3.9651893992198139e-01 0.0
4.0790311162806048e-01 0.0
4.2095693755922398e-01 0.0
4.3712975500453827e-01 0.0
4.5911539138060342e-01 0.0
5.0126815397713353e-01 0.0
6.8176152130021439e-01 0.0
4.6537709310436742e-01 0.0
3.7100940154044360e-01 0.0
3.3186185126971707e-01 0.0
2.1409207867481381e-01 0.0
0.0000000000000000e+00 0.0
1.8212603288348078e-01 0.0
2.2715034678622342e-01 0.0
2.5002368028796634e-01 0.0
2.6668348218188359e-01 0.0
2.8018867629872019e-01 0.0
2.9201201745722438e-01 0.0
3.0090563260783854e-01 0.0
3.0820776526439803e-01 0.0
3.1365507855851216e-01 0.0
3.1875601811512938e-01 0.0
3.2327458437465456e-01 0.0
3.2723595159514529e-01 0.0
3.3089400103903277e-01 0.0
3.3570475010892792e-01 0.0
3.3958802618481559e-01 0.0
3.4327616471015654e-01 0.0
3.4712220840376207e-01 0.0
3.5188979712759316e-01 0.0
3.5708127505093340e-01 0.0
3.6300261263542138e-01 0.0
3.7007075057966743e-01 0.0
3.8013607283606671e-01 0.0
3.9126451469552098e-01 0.0
4.0441434783821517e-01 0.0
4.2075696057910744e-01 0.0
4.4527143005579228e-01 0.0
4.8954873985733471e-01 0.0
6.7321498441212968e-01 0.0
4.5578270114112751e-01 0.0
4.3750817671591624e-01 0.0
3.0985481739639886e-01 0.0
2.1678798966177748e-01 0.0
0.0000000000000000e+00 0.0
1.8187734398764258e-01 0.0
2.2091192675727397e-01 0.0
2.4361293925038069e-01 0.0
2.5992850730686512e-01 0.0
2.7357333420151719e-01 0.0
2.8374808692415199e-01 0.0
2.9192589407466835e-01 0.0
2.9797415818147599e-01 0.0
3.0344023528402370e-01 0.0
3.0821612963611000e-01 0.0
3.1234494372995036e-01 0.0
3.1604701824941994e-01 0.0
3.2077094804003031e-01 0.0
3.2454601685151463e-01 0.0
3.2810800504161275e-01 0.0
3.3172539986939414e-01 0.0
3.3608097647331098e-01 0.0
3.4078514229546419e-01 0.0
3.4602914725162703e-01 0.0
3.5220658246006770e-01 0.0
3.6099118787826712e-01 0.0
3.7024460797963188e-01 0.0
3.8124886814710424e-01 0.0
3.9431903160014486e-01 0.0
4.1225565515222629e-01 0.0
4.3907821092439575e-01 0.0
4.8865800911651874e-01 0.0
6.7875399797462388e-01 0.0
